584
810
-22 0.0733695 12.8
-12.8 0.0733695 12.8
-12.8 0.0733695 8.75
-22 0.0733695 8.75
-0.4499998 0.0733695 12.8
0 0.0733695 12.8
0 0.0733695 0.05
-0.4499998 0.0733695 0.05
-12.8 0.0733695 12.8
-8 0.0733695 12.8
-8 0.0733695 8.75
-12.8 0.0733695 8.75
0 0.0733695 12.8
0.5 0.0733695 12.8
0.5 0.0733695 0.05
0 0.0733695 0.05
-12.95 0.0733695 23.2
-12.95 0.0733695 25.6
-12.8 0.0733695 25.6
-12.8 0.0733695 12.8
-22 0.0733695 12.8
-22 0.0733695 22.7
-13.45 0.0733695 22.7
-12.8 0.0733695 12.8
-13.25 0.0733695 22.8
-12.95 0.0733695 23.2
-12.8 0.0733695 12.8
-13.45 0.0733695 22.7
-13.25 0.0733695 22.8
-12.8 0.0733695 12.8
-0.3999996 -7.27663 25.6
0 -7.27663 25.6
0 -7.27663 25.1
-0.3999996 -7.27663 25.1
-11.5 0.0733695 22.7
-8 0.0733695 22.7
-8 0.0733695 16.45
-8 0.0733695 16.45
-7.7 0.0733695 16.05
-7.5 0.0733695 15
-8 0.0733695 14.5
-8 0.0733695 12.8
-12.8 0.0733695 12.8
-12.8 0.0733695 25.6
-12 0.0733695 25.6
-12 0.0733695 23.2
-12.8 0.0733695 12.8
-8 0.0733695 16.45
-7.9 0.0733695 14.7
-8 0.0733695 14.5
-12.8 0.0733695 12.8
-12 0.0733695 23.2
-11.7 0.0733695 22.8
-8 0.0733695 16.45
-7.5 0.0733695 15
-7.9 0.0733695 14.7
-7.7 0.0733695 16.05
-7.5 0.0733695 15.95
-7.5 0.0733695 15
-7.5 0.0733695 15.95
0 0.0733695 15.95
-0.9499998 0.0733695 15
-7.5 0.0733695 15
-11.7 0.0733695 22.8
-11.5 0.0733695 22.7
-8 0.0733695 16.45
-0.75 0.0733695 14.9
-0.9499998 0.0733695 15
0 0.0733695 15.95
-0.4499998 0.0733695 14.5
-0.75 0.0733695 14.9
0 0.0733695 15.95
0 0.0733695 12.8
-0.4499998 0.0733695 12.8
-0.4499998 0.0733695 14.5
0 0.0733695 15.95
0.5 0.0733695 14.5
0.5 0.0733695 12.8
0 0.0733695 12.8
0 0.0733695 15.95
8.75 0.0733695 15
7.7 0.0733695 16.25
7.8 0.0733695 16.45
0.6 0.0733695 14.7
0.5 0.0733695 14.5
0 0.0733695 15.95
1 0.0733695 15
0.6 0.0733695 14.7
0 0.0733695 15.95
1 0.0733695 15
0 0.0733695 15.95
7.3 0.0733695 15.95
8.75 0.0733695 15
7.8 0.0733695 16.45
7.8 0.0733695 25.6
8.75 0.0733695 25.6
8.75 0.0733695 15
8.75 0.0733695 15
7.3 0.0733695 15.95
7.7 0.0733695 16.25
0 -7.27663 25.6
12.8 -7.27663 25.6
12.8 -7.27663 25.1
0 -7.27663 25.1
12.8 -7.27663 25.6
25.6 -7.27663 25.6
25.6 -7.27663 25.1
12.8 -7.27663 25.1
32.85 -7.22663 25.6
38.4 -7.22663 25.6
38.4 -7.22663 18.05
32.85 -7.22663 18.05
25.6 -7.27663 25.6
28.6 -7.27663 25.6
28.6 -7.27663 25.1
25.6 -7.27663 25.1
38.4 -7.22663 25.6
46.8 -7.22663 25.6
46.8 -7.22663 18.05
38.4 -7.22663 18.05
-12.95 0.0733695 38.4
-12.8 0.0733695 38.4
-12.8 0.0733695 25.6
-12.95 0.0733695 25.6
-12.8 0.0733695 38.4
-11.95 0.0733695 38.4
-11.9 0.0733695 38.25
-12.8 0.0733695 38.4
-11.9 0.0733695 38.25
-11.5 0.0733695 37.95
-11.7 0.0733695 36.9
-12 0.0733695 36.5
-12 0.0733695 36.5
-12 0.0733695 25.6
-12.8 0.0733695 25.6
-12.8 0.0733695 38.4
-11.5 0.0733695 37.95
0 0.0733695 37.95
0 0.0733695 37
-11.5 0.0733695 37
-11.5 0.0733695 37
-11.7 0.0733695 36.9
-11.5 0.0733695 37.95
-0.3999996 -7.27663 38.4
0 -7.27663 38.4
0 -7.27663 25.6
-0.3999996 -7.27663 25.6
0 -7.27663 38.4
12.8 -7.27663 38.4
12.8 -7.27663 25.6
0 -7.27663 25.6
0 0.0733695 37
0 0.0733695 37.95
0.55 0.0733695 38.05
0.55 0.0733695 36.9
7.3 0.0733695 30.05
0.85 0.0733695 30.05
0.85 0.0733695 36.5
0.55 0.0733695 36.9
0.55 0.0733695 38.05
0.8 0.0733695 38.4
0.85 0.0733695 36.5
12.8 0.0733695 38.4
12.8 0.0733695 30.05
9.25 0.0733695 30.05
8.75 0.0733695 29.55
8.75 0.0733695 25.6
7.8 0.0733695 25.6
7.8 0.0733695 29.55
7.3 0.0733695 30.05
0.85 0.0733695 36.5
0.8 0.0733695 38.4
12.8 0.0733695 38.4
9.25 0.0733695 30.05
8.85 0.0733695 29.75
8.85 0.0733695 29.75
8.75 0.0733695 29.55
7.8 0.0733695 29.55
7.5 0.0733695 29.95
8.85 0.0733695 29.75
7.5 0.0733695 29.95
7.3 0.0733695 30.05
12.8 -7.27663 38.4
25.6 -7.27663 38.4
25.6 -7.27663 25.6
12.8 -7.27663 25.6
22.95 -2.45163 37.8
23.05 -2.45163 38
24 -2.45163 38
19.6 -2.40163 37.35
19.8 -2.45163 37.5
22.55 -2.45163 37.5
24.35 -2.45163 37.35
23.05 -2.65163 38.4
24 -2.65163 38.4
24 -2.45163 38
23.05 -2.45163 38
24.35 -2.45163 36.4
24.35 -2.45163 36.25
19.8 -2.45163 36.25
19.6 -2.40163 36.4
24 -2.45163 38
24.35 -2.45163 37.6
24.35 -2.45163 37.35
22.55 -2.45163 37.5
22.95 -2.45163 37.8
19.6 -2.40163 37.35
24.35 -2.45163 37.35
24.35 -2.45163 36.4
19.6 -2.40163 36.4
19.6 -2.40163 36.4
15.3 0.0733695 36.4
15.3 0.0733695 37.35
19.6 -2.40163 37.35
15.3 0.0733695 37.35
15.3 0.0733695 36.4
14.9 0.0733695 36.1
15.3 0.0733695 37.35
14.9 0.0733695 36.1
14.8 0.0733695 35.9
14.9 0.0733695 37.65
14.8 0.0733695 35.9
14.8 0.0733695 30.05
12.8 0.0733695 30.05
12.8 0.0733695 38.4
14.8 0.0733695 37.85
14.9 0.0733695 37.65
14.8 0.0733695 35.9
12.8 0.0733695 38.4
12.8 0.0733695 38.4
14.8 0.0733695 38.4
14.8 0.0733695 37.85
25.6 -7.27663 38.4
28.6 -7.27663 38.4
28.6 -7.27663 25.6
25.6 -7.27663 25.6
36 -7.25163 38.4
36.95 -7.25163 38.4
36.95 -7.22663 32.5
36 -7.22663 32.5
37.05 -7.22663 32.3
37.45 -7.22663 32
38.4 -7.22663 25.6
32.85 -7.22663 25.6
35.5 -7.22663 32
35.7 -7.22663 32.1
36 -7.22663 32.5
36.95 -7.22663 32.5
37.05 -7.22663 32.3
35.7 -7.22663 32.1
32.85 -7.22663 25.6
32.85 -7.22663 32
35.5 -7.22663 32
37.45 -7.22663 32
38.4 -7.22663 32
38.4 -7.22663 25.6
42.5 -7.22663 32.5
42.5 -7.25163 38.4
43.45 -7.25163 38.4
43.45 -7.22663 32.5
43.55 -7.22663 32.3
43.95 -7.22663 32
46.8 -7.22663 25.6
38.4 -7.22663 25.6
42 -7.22663 32
42.4 -7.22663 32.3
42.4 -7.22663 32.3
42.5 -7.22663 32.5
43.45 -7.22663 32.5
43.55 -7.22663 32.3
38.4 -7.22663 25.6
38.4 -7.22663 32
42 -7.22663 32
43.95 -7.22663 32
46.8 -7.22663 32
46.8 -7.22663 25.6
-12.8 0.0733695 38.4
-12.95 0.0733695 38.4
-13 0.0733695 43
-12.8 0.0733695 43.25
-12 0.0733695 42.65
-11.95 0.0733695 38.4
-12.8 0.0733695 38.4
-12.8 0.0733695 43.25
-8.25 0.0733695 51.2
-7.05 0.0733695 51.2
-12 0.0733695 42.65
-12.8 0.0733695 43.25
-0.3999996 -7.27663 51.2
0 -7.27663 51.2
0 -7.27663 38.4
-0.3999996 -7.27663 38.4
0 -7.27663 51.2
12.8 -7.27663 51.2
12.8 -7.27663 38.4
0 -7.27663 38.4
11 0.0733695 44
12.8 0.0733695 44
12.8 0.0733695 38.4
10.6 0.0733695 44.3
11 0.0733695 44
12.8 0.0733695 38.4
10.5 0.0733695 44.5
10.6 0.0733695 44.3
12.8 0.0733695 38.4
9.05 0.0733695 44
9.45 0.0733695 44.3
9.55 -1.90163 51.2
10.5 -1.90163 51.2
10.5 0.0733695 44.5
9.55 0.0733695 44.5
0.8 0.0733695 38.4
0.85 0.0733695 44
9.05 0.0733695 44
12.8 0.0733695 38.4
9.45 0.0733695 44.3
9.55 0.0733695 44.5
10.5 0.0733695 44.5
19.15 -7.27663 44.9
18.95 -7.27663 45
12.8 -7.27663 51.2
25.6 -7.27663 51.2
12.8 -7.27663 38.4
15.4 -7.27663 41.95
18.95 -7.27663 41.95
25.6 -7.27663 38.4
19.4 -7.27663 42.4
19.4 -7.27663 44.55
12.8 0.0733695 44
14.8 0.0733695 44
14.8 0.0733695 38.4
12.8 0.0733695 38.4
22.55 -4.951631 42.8
19.5 -4.951631 42.8
19.25 -4.92663 43
24 -4.951631 43
24 -2.65163 38.4
23.05 -2.65163 38.4
23.05 -4.90163 42.3
24 -4.951631 43
22.95 -4.951631 42.5
22.55 -4.951631 42.8
24 -4.951631 43
23.05 -4.90163 42.3
22.95 -4.951631 42.5
24 -4.951631 43
15.05 -7.27663 42.2
15.4 -7.27663 41.95
12.8 -7.27663 38.4
18.95 -7.27663 45
15.4 -7.27663 45
12.8 -7.27663 51.2
15.05 -7.27663 44.2
15.4 -7.10163 43.95
15.4 -7.10163 43
15.05 -7.27663 42.75
24 -4.951631 43.95
19.25 -4.92663 43.95
19.35 -4.951631 44.05
24 -4.951631 44.05
25.6 -7.27663 38.4
19.15 -7.27663 42.05
19.4 -7.27663 42.4
19.4 -7.27663 44.55
19.15 -7.27663 44.9
25.6 -7.27663 51.2
25.6 -7.27663 38.4
19.25 -4.92663 43.95
24 -4.951631 43.95
24 -4.951631 43
19.25 -4.92663 43
19.25 -4.92663 43
15.4 -7.10163 43
15.4 -7.10163 43.95
19.25 -4.92663 43.95
12.8 -7.27663 38.4
18.95 -7.27663 41.95
19.15 -7.27663 42.05
25.6 -7.27663 38.4
14.95 -7.27663 44.4
15.05 -7.27663 44.2
15.05 -7.27663 42.75
14.95 -7.27663 42.4
12.8 -7.27663 38.4
15.05 -7.27663 44.75
14.95 -7.27663 44.4
12.8 -7.27663 38.4
12.8 -7.27663 51.2
14.95 -7.27663 42.4
15.05 -7.27663 42.2
12.8 -7.27663 38.4
12.8 -7.27663 51.2
15.4 -7.27663 45
15.05 -7.27663 44.75
29.1 -7.27663 46.15
28.7 -7.27663 47.4
29.1 -7.27663 47.1
29.1 -7.27663 47.1
38.4 -7.27663 47.1
35.5 -7.25163 46.15
29.1 -7.27663 46.15
38.4 -7.27663 47.1
37.45 -7.25163 46.15
35.5 -7.25163 46.15
35.5 -7.25163 46.15
37.45 -7.25163 46.15
37.05 -7.25163 45.85
35.7 -7.25163 46.05
36.95 -7.25163 45.65
36.95 -7.25163 38.4
36 -7.25163 38.4
36 -7.25163 45.65
36 -7.25163 45.65
35.7 -7.25163 46.05
37.05 -7.25163 45.85
36.95 -7.25163 45.65
38.4 -7.27663 47.1
38.4 -7.27663 46.15
37.45 -7.25163 46.15
28.6 -7.27663 47.6
28.7 -7.27663 47.4
29.1 -7.27663 46.15
28.7 -7.27663 45.85
28.6 -7.27663 45.65
28.6 -7.27663 38.4
25.6 -7.27663 38.4
25.6 -7.27663 51.2
28.6 -7.27663 47.6
28.7 -7.27663 45.85
28.6 -7.27663 45.65
25.6 -7.27663 51.2
25.6 -7.27663 51.2
28.6 -7.27663 51.2
28.6 -7.27663 47.6
42 -7.25163 46.15
38.4 -7.27663 46.15
38.4 -7.27663 47.1
43.45 -7.27663 47.1
43.45 -7.25163 38.4
42.5 -7.25163 38.4
42.5 -7.25163 45.65
43.45 -7.27663 47.1
42.4 -7.25163 45.85
42 -7.25163 46.15
43.45 -7.27663 47.1
42.5 -7.25163 45.65
42.4 -7.25163 45.85
43.45 -7.27663 47.1
-5.95 0.0733695 53.15
-7.05 0.0733695 51.2
-8.25 0.0733695 51.2
-6.35 0.0733695 54.5
0 0.0733695 54.5
0 0.0733695 53.55
-5.45 0.0733695 53.55
-6.35 0.0733695 54.5
-5.45 0.0733695 53.55
-5.95 0.0733695 53.15
-6.35 0.0733695 54.5
-0.3999996 -7.27663 64
0 -7.27663 64
0 -7.27663 51.2
-0.3999996 -7.27663 51.2
0 -7.27663 64
8 -7.27663 62.2
8.35 -7.27663 61.95
12.8 -7.27663 51.2
0 -7.27663 51.2
8.35 -7.27663 61.95
10.5 -7.27663 61.95
12.8 -7.27663 51.2
0 -7.27663 64
7.9 -7.27663 62.4
8 -7.27663 62.2
10.5 -1.90163 51.2
9.55 -1.90163 51.2
9.55 -2.37663 52.9
10.5 -2.45163 54.65
9.900001 -2.45163 55.15
8.85 -2.45163 54.95
8.95 -2.45163 55.15
10.5 -2.45163 54.65
9.55 -2.37663 52.9
9.25 -2.45163 53.3
10.2 -2.45163 54.75
0 0.0733695 53.55
0 0.0733695 54.5
6.15 -2.27663 54.5
6.15 -2.27663 53.55
10.2 -2.45163 54.75
9.25 -2.45163 53.3
9.05 -2.45163 53.4
9.900001 -2.45163 55.15
10.2 -2.45163 54.75
9.05 -2.45163 53.4
6.35 -2.37663 53.4
6.15 -2.27663 53.55
8.45 -2.45163 54.65
6.15 -2.27663 54.5
6.35 -2.37663 54.65
8.45 -2.45163 54.65
6.15 -2.27663 53.55
8.95 -2.45163 55.15
8.95 -5.67663 64
9.900001 -5.67663 64
9.900001 -2.45163 55.15
9.900001 -2.45163 55.15
8.45 -2.45163 54.65
8.85 -2.45163 54.95
0 -7.27663 64
7.9 -7.27663 64
7.9 -7.27663 62.4
10.95 -7.27663 62.4
10.95 -7.27663 64
12.8 -7.27663 64
10.7 -7.27663 62.05
10.95 -7.27663 62.4
12.8 -7.27663 64
12.8 -7.27663 51.2
12.8 -7.27663 51.2
10.5 -7.27663 61.95
10.7 -7.27663 62.05
12.8 -7.27663 64
25.6 -7.27663 64
25.6 -7.27663 51.2
12.8 -7.27663 51.2
25.6 -7.27663 64
28.6 -7.27663 64
28.6 -7.27663 51.2
25.6 -7.27663 51.2
0 -7.27663 74.1
0 -7.27663 64
-0.3999996 -7.27663 64
-0.3999996 -7.27663 74.1
12.8 -7.27663 74.1
8.5 -7.25163 68.35
8.35 -7.27663 68.35
12.8 -7.27663 74.1
10.35 -7.25163 68.35
8.5 -7.25163 68.35
12.8 -7.27663 74.1
10.5 -7.27663 68.35
10.35 -7.25163 68.35
8.5 -7.25163 68.35
10.35 -7.25163 68.35
10 -7.17663 68.1
8.7 -7.22663 68.25
9.900001 -7.10163 67.9
9.900001 -5.67663 64
8.95 -5.67663 64
8.95 -7.10163 67.9
8.95 -7.10163 67.9
8.7 -7.22663 68.25
10 -7.17663 68.1
9.900001 -7.10163 67.9
8 -7.27663 68.1
7.9 -7.27663 67.9
0 -7.27663 64
7.9 -7.27663 67.9
7.9 -7.27663 64
0 -7.27663 64
12.8 -7.27663 74.1
8.35 -7.27663 68.35
8 -7.27663 68.1
0 -7.27663 64
0 -7.27663 74.1
12.8 -7.27663 64
10.95 -7.27663 64
10.95 -7.27663 67.9
12.8 -7.27663 74.1
10.7 -7.27663 68.25
10.5 -7.27663 68.35
12.8 -7.27663 74.1
10.95 -7.27663 67.9
10.7 -7.27663 68.25
12.8 -7.27663 74.1
12.8 -7.27663 74.1
25.6 -7.27663 74.1
25.6 -7.27663 64
12.8 -7.27663 64
25.6 -7.27663 74.1
28.6 -7.27663 74.1
28.6 -7.27663 64
25.6 -7.27663 64
0
1
2
0
2
3
4
5
6
4
6
7
8
9
10
8
10
11
12
13
14
12
14
15
16
17
18
16
18
19
20
21
22
20
22
23
24
25
26
27
28
29
30
31
32
30
32
33
34
35
36
37
38
39
40
41
42
43
44
45
43
45
46
47
48
49
47
49
50
47
50
51
47
51
52
53
54
55
56
57
58
59
60
61
59
61
62
63
64
65
66
67
68
69
70
71
72
73
74
72
74
75
76
77
78
76
78
79
80
81
82
83
84
85
86
87
88
89
90
91
89
91
92
93
94
95
93
95
96
97
98
99
100
101
102
100
102
103
104
105
106
104
106
107
108
109
110
108
110
111
112
113
114
112
114
115
116
117
118
116
118
119
120
121
122
120
122
123
124
125
126
127
128
129
127
129
130
127
130
131
132
133
134
132
134
135
136
137
138
136
138
139
140
141
142
143
144
145
143
145
146
147
148
149
147
149
150
151
152
153
151
153
154
155
156
157
158
159
160
158
160
161
162
163
164
165
166
167
165
167
168
169
170
171
169
171
172
169
172
173
169
173
174
175
176
177
175
177
178
179
180
181
182
183
184
182
184
185
186
187
188
189
190
191
189
191
192
193
194
195
193
195
196
197
198
199
197
199
200
201
202
203
201
203
204
201
204
205
206
207
208
206
208
209
210
211
212
210
212
213
214
215
216
217
218
219
217
219
220
221
222
223
221
223
224
225
226
227
225
227
228
229
230
231
232
233
234
232
234
235
236
237
238
236
238
239
240
241
242
240
242
243
240
243
244
240
244
245
246
247
248
246
248
249
250
251
252
253
254
255
256
257
258
256
258
259
260
261
262
260
262
263
260
263
264
260
264
265
266
267
268
266
268
269
270
271
272
273
274
275
276
277
278
276
278
279
280
281
282
280
282
283
284
285
286
284
286
287
288
289
290
288
290
291
292
293
294
292
294
295
296
297
298
299
300
301
302
303
304
302
304
305
302
305
306
307
308
309
307
309
310
311
312
313
311
313
314
315
316
317
318
319
320
318
320
321
322
323
324
325
326
327
328
329
330
328
330
331
332
333
334
332
334
335
336
337
338
336
338
339
340
341
342
343
344
345
346
347
348
349
350
351
352
353
354
352
354
355
356
357
358
356
358
359
360
361
362
363
364
365
363
365
366
367
368
369
367
369
370
371
372
373
371
373
374
375
376
377
375
377
378
379
380
381
379
381
382
379
382
383
384
385
386
384
386
387
388
389
390
391
392
393
394
395
396
397
398
399
397
399
400
401
402
403
404
405
406
404
406
407
408
409
410
408
410
411
412
413
414
412
414
415
416
417
418
419
420
421
419
421
422
423
424
425
423
425
426
427
428
429
427
429
430
431
432
433
434
435
436
434
436
437
438
439
440
438
440
441
442
443
444
445
446
447
448
449
450
448
450
451
452
453
454
452
454
455
456
457
458
459
460
461
459
461
462
463
464
465
463
465
466
463
466
467
468
469
470
471
472
473
474
475
476
474
476
477
478
479
480
481
482
483
481
483
484
485
486
487
485
487
488
489
490
491
492
493
494
492
494
495
492
495
496
492
496
497
498
499
500
498
500
501
502
503
504
502
504
505
506
507
508
509
510
511
512
513
514
515
516
517
515
517
518
519
520
521
522
523
524
522
524
525
526
527
528
526
528
529
530
531
532
530
532
533
534
535
536
537
538
539
540
541
542
543
544
545
543
545
546
547
548
549
547
549
550
551
552
553
551
553
554
555
556
557
558
559
560
561
562
563
561
563
564
561
564
565
566
567
568
566
568
569
570
571
572
573
574
575
576
577
578
576
578
579
580
581
582
580
582
583
