552
828
1 -0.05 14.5
-1 -0.05 14.5
1 0.05 14.5
-1 0.05 14.5
1 0.05 -0.5
-1 0.05 -0.5
1 -0.05 -0.5
-1 -0.05 -0.5
1 0.05 14.5
-1 0.05 14.5
1 0.05 -0.5
-1 0.05 -0.5
1 -0.05 -0.5
1 -0.05 14.5
-1 -0.05 14.5
-1 -0.05 -0.5
-1 -0.05 14.5
-1 0.05 14.5
-1 0.05 -0.5
-1 -0.05 -0.5
1 -0.05 -0.5
1 0.05 -0.5
1 0.05 14.5
1 -0.05 14.5
1.560002 -0.05 53.033
1.560002 -0.05 55.033
1.560002 0.05 53.033
1.560002 0.05 55.033
-6.700002 0.05 53.033
-6.700002 0.05 55.033
-6.700002 -0.05 53.033
-6.700002 -0.05 55.033
1.560002 0.05 53.033
1.560002 0.05 55.033
-6.700002 0.05 53.033
-6.700002 0.05 55.033
-6.700002 -0.05 53.033
1.560002 -0.05 53.033
1.560002 -0.05 55.033
-6.700002 -0.05 55.033
1.560002 -0.05 55.033
1.560002 0.05 55.033
-6.700002 0.05 55.033
-6.700002 -0.05 55.033
-6.700002 -0.05 53.033
-6.700002 0.05 53.033
1.560002 0.05 53.033
1.560002 -0.05 53.033
7.500003 -0.05 14.5
7.500003 -0.05 16.5
7.500003 0.05 14.5
7.500003 0.05 16.5
-7.500003 0.05 14.5
-7.500003 0.05 16.5
-7.500003 -0.05 14.5
-7.500003 -0.05 16.5
7.500003 0.05 14.5
7.500003 0.05 16.5
-7.500003 0.05 14.5
-7.500003 0.05 16.5
-7.500003 -0.05 14.5
7.500003 -0.05 14.5
7.500003 -0.05 16.5
-7.500003 -0.05 16.5
7.500003 -0.05 16.5
7.500003 0.05 16.5
-7.500003 0.05 16.5
-7.500003 -0.05 16.5
-7.500003 -0.05 14.5
-7.500003 0.05 14.5
7.500003 0.05 14.5
7.500003 -0.05 14.5
-7.499994 -0.05 8.229996
-7.499992 -0.05 23.23
-7.499994 0.05 8.229996
-7.499992 0.05 23.23
-22.50001 0.05 8.229998
-22.50001 0.05 23.23
-22.50001 -0.05 8.229998
-22.50001 -0.05 23.23
-7.499994 0.05 8.229996
-7.499992 0.05 23.23
-22.50001 0.05 8.229998
-22.50001 0.05 23.23
-22.50001 -0.05 8.229998
-7.499994 -0.05 8.229996
-7.499992 -0.05 23.23
-22.50001 -0.05 23.23
-7.499992 -0.05 23.23
-7.499992 0.05 23.23
-22.50001 0.05 23.23
-22.50001 -0.05 23.23
-22.50001 -0.05 8.229998
-22.50001 0.05 8.229998
-7.499994 0.05 8.229996
-7.499994 -0.05 8.229996
9.25 -0.05 29.5
7.25 -0.05 29.5
9.25 0.05 29.5
7.25 0.05 29.5
9.25 0.05 14.5
7.25 0.05 14.5
9.25 -0.05 14.5
7.25 -0.05 14.5
9.25 0.05 29.5
7.25 0.05 29.5
9.25 0.05 14.5
7.25 0.05 14.5
9.25 -0.05 14.5
9.25 -0.05 29.5
7.25 -0.05 29.5
7.25 -0.05 14.5
7.25 -0.05 29.5
7.25 0.05 29.5
7.25 0.05 14.5
7.25 -0.05 14.5
9.25 -0.05 14.5
9.25 0.05 14.5
9.25 0.05 29.5
9.25 -0.05 29.5
15.32001 -0.05 29.51999
15.32001 -0.05 44.52
15.32001 0.05 29.51999
15.32001 0.05 44.52
0.3199878 0.05 29.51999
0.3199897 0.05 44.52001
0.3199878 -0.05 29.51999
0.3199897 -0.05 44.52001
15.32001 0.05 29.51999
15.32001 0.05 44.52
0.3199878 0.05 29.51999
0.3199897 0.05 44.52001
0.3199878 -0.05 29.51999
15.32001 -0.05 29.51999
15.32001 -0.05 44.52
0.3199897 -0.05 44.52001
15.32001 -0.05 44.52
15.32001 0.05 44.52
0.3199897 0.05 44.52001
0.3199897 -0.05 44.52001
0.3199878 -0.05 29.51999
0.3199878 0.05 29.51999
15.32001 0.05 29.51999
15.32001 -0.05 29.51999
-4.833966 -0.05 54.06219
-6.566018 -0.05 55.06219
-4.833966 0.05 54.06219
-6.566018 0.05 55.06219
-11.83398 0.05 41.93781
-13.56603 0.05 42.93781
-11.83398 -0.05 41.93781
-13.56603 -0.05 42.93781
-4.833966 0.05 54.06219
-6.566018 0.05 55.06219
-11.83398 0.05 41.93781
-13.56603 0.05 42.93781
-11.83398 -0.05 41.93781
-4.833966 -0.05 54.06219
-6.566018 -0.05 55.06219
-13.56603 -0.05 42.93781
-6.566018 -0.05 55.06219
-6.566018 0.05 55.06219
-13.56603 0.05 42.93781
-13.56603 -0.05 42.93781
-11.83398 -0.05 41.93781
-11.83398 0.05 41.93781
-4.833966 0.05 54.06219
-4.833966 -0.05 54.06219
0.6400166 -0.05 36.47
0.6400166 -0.05 38.47
0.6400166 0.05 36.47
0.6400166 0.05 38.47
-13.36002 0.05 36.47
-13.36002 0.05 38.47
-13.36002 -0.05 36.47
-13.36002 -0.05 38.47
0.6400166 0.05 36.47
0.6400166 0.05 38.47
-13.36002 0.05 36.47
-13.36002 0.05 38.47
-13.36002 -0.05 36.47
0.6400166 -0.05 36.47
0.6400166 -0.05 38.47
-13.36002 -0.05 38.47
0.6400166 -0.05 38.47
0.6400166 0.05 38.47
-13.36002 0.05 38.47
-13.36002 -0.05 38.47
-13.36002 -0.05 36.47
-13.36002 0.05 36.47
0.6400166 0.05 36.47
0.6400166 -0.05 36.47
-11.49 -0.05 43.02
-13.49 -0.05 43.02
-11.49 0.05 43.02
-13.49 0.05 43.02
-11.49 0.05 23.02
-13.49 0.05 23.02
-11.49 -0.05 23.02
-13.49 -0.05 23.02
-11.49 0.05 43.02
-13.49 0.05 43.02
-11.49 0.05 23.02
-13.49 0.05 23.02
-11.49 -0.05 23.02
-11.49 -0.05 43.02
-13.49 -0.05 43.02
-13.49 -0.05 23.02
-13.49 -0.05 43.02
-13.49 0.05 43.02
-13.49 0.05 23.02
-13.49 -0.05 23.02
-11.49 -0.05 23.02
-11.49 0.05 23.02
-11.49 0.05 43.02
-11.49 -0.05 43.02
11.01 -2.568431 53.08189
9.01 -2.568431 53.08189
11.01 -2.472305 53.10946
9.01 -2.472305 53.10946
11.01 0.008431077 44.45811
9.01 0.008431077 44.45811
11.01 -0.08769512 44.43054
9.01 -0.08769512 44.43054
11.01 -2.472305 53.10946
9.01 -2.472305 53.10946
11.01 0.008431077 44.45811
9.01 0.008431077 44.45811
11.01 -0.08769512 44.43054
11.01 -2.568431 53.08189
9.01 -2.568431 53.08189
9.01 -0.08769512 44.43054
9.01 -2.568431 53.08189
9.01 -2.472305 53.10946
9.01 0.008431077 44.45811
9.01 -0.08769512 44.43054
11.01 -0.08769512 44.43054
11.01 0.008431077 44.45811
11.01 -2.472305 53.10946
11.01 -2.568431 53.08189
19.57006 -2.543302 35.89
19.57006 -2.543302 37.89
19.62006 -2.456699 35.89
19.62006 -2.456699 37.89
15.28994 0.04330182 35.89
15.28994 0.04330182 37.89
15.23994 -0.04330075 35.89
15.23994 -0.04330075 37.89
19.62006 -2.456699 35.89
19.62006 -2.456699 37.89
15.28994 0.04330182 35.89
15.28994 0.04330182 37.89
15.23994 -0.04330075 35.89
19.57006 -2.543302 35.89
19.57006 -2.543302 37.89
15.23994 -0.04330075 37.89
19.57006 -2.543302 37.89
19.62006 -2.456699 37.89
15.28994 0.04330182 37.89
15.23994 -0.04330075 37.89
15.23994 -0.04330075 35.89
15.28994 0.04330182 35.89
19.62006 -2.456699 35.89
19.57006 -2.543302 35.89
29.10002 -7.4 24.59998
29.10003 -7.4 74.60002
29.10002 -7.3 24.59998
29.10003 -7.3 74.60002
-0.9000235 -7.3 24.59998
-0.9000177 -7.3 74.60002
-0.9000235 -7.4 24.59998
-0.9000177 -7.4 74.60002
29.10002 -7.3 24.59998
29.10003 -7.3 74.60002
-0.9000235 -7.3 24.59998
-0.9000177 -7.3 74.60002
-0.9000235 -7.4 24.59998
29.10002 -7.4 24.59998
29.10003 -7.4 74.60002
-0.9000177 -7.4 74.60002
29.10003 -7.4 74.60002
29.10003 -7.3 74.60002
-0.9000177 -7.3 74.60002
-0.9000177 -7.4 74.60002
-0.9000235 -7.4 24.59998
-0.9000235 -7.3 24.59998
29.10002 -7.3 24.59998
29.10002 -7.4 24.59998
43.96001 -7.4 45.63
43.96001 -7.4 47.63
43.96001 -7.3 45.63
43.96001 -7.3 47.63
28.95999 -7.3 45.63
28.95999 -7.3 47.63
28.95999 -7.4 45.63
28.95999 -7.4 47.63
43.96001 -7.3 45.63
43.96001 -7.3 47.63
28.95999 -7.3 45.63
28.95999 -7.3 47.63
28.95999 -7.4 45.63
43.96001 -7.4 45.63
43.96001 -7.4 47.63
28.95999 -7.4 47.63
43.96001 -7.4 47.63
43.96001 -7.3 47.63
28.95999 -7.3 47.63
28.95999 -7.4 47.63
28.95999 -7.4 45.63
28.95999 -7.3 45.63
43.96001 -7.3 45.63
43.96001 -7.4 45.63
47.32001 -7.34 17.50999
47.32002 -7.34 32.51001
47.32001 -7.24 17.50999
47.32002 -7.24 32.51001
32.31998 -7.24 17.50999
32.31998 -7.24 32.51001
32.31998 -7.34 17.50999
32.31998 -7.34 32.51001
47.32001 -7.24 17.50999
47.32002 -7.24 32.51001
32.31998 -7.24 17.50999
32.31998 -7.24 32.51001
32.31998 -7.34 17.50999
47.32001 -7.34 17.50999
47.32002 -7.34 32.51001
32.31998 -7.34 32.51001
47.32002 -7.34 32.51001
47.32002 -7.24 32.51001
32.31998 -7.24 32.51001
32.31998 -7.34 32.51001
32.31998 -7.34 17.50999
32.31998 -7.24 17.50999
47.32001 -7.24 17.50999
47.32001 -7.34 17.50999
37.46 -7.36 46.30001
35.46 -7.36 46.30001
37.46 -7.26 46.30001
35.46 -7.26 46.30001
37.46 -7.26 31.29999
35.46 -7.26 31.29999
37.46 -7.36 31.29999
35.46 -7.36 31.29999
37.46 -7.26 46.30001
35.46 -7.26 46.30001
37.46 -7.26 31.29999
35.46 -7.26 31.29999
37.46 -7.36 31.29999
37.46 -7.36 46.30001
35.46 -7.36 46.30001
35.46 -7.36 31.29999
35.46 -7.36 46.30001
35.46 -7.26 46.30001
35.46 -7.26 31.29999
35.46 -7.36 31.29999
37.46 -7.36 31.29999
37.46 -7.26 31.29999
37.46 -7.26 46.30001
37.46 -7.36 46.30001
43.98 -7.36 46.30001
41.98 -7.36 46.30001
43.98 -7.26 46.30001
41.98 -7.26 46.30001
43.98 -7.26 31.29999
41.98 -7.26 31.29999
43.98 -7.36 31.29999
41.98 -7.36 31.29999
43.98 -7.26 46.30001
41.98 -7.26 46.30001
43.98 -7.26 31.29999
41.98 -7.26 31.29999
43.98 -7.36 31.29999
43.98 -7.36 46.30001
41.98 -7.36 46.30001
41.98 -7.36 31.29999
41.98 -7.36 46.30001
41.98 -7.26 46.30001
41.98 -7.26 31.29999
41.98 -7.36 31.29999
43.98 -7.36 31.29999
43.98 -7.26 31.29999
43.98 -7.26 46.30001
43.98 -7.36 46.30001
10.44 -7.52663 68.71567
8.44 -7.52663 68.71567
10.44 -7.432661 68.74987
8.44 -7.432661 68.74987
10.44 -2.47337 55.12433
8.44 -2.47337 55.12433
10.44 -2.567339 55.09013
8.44 -2.567339 55.09013
10.44 -7.432661 68.74987
8.44 -7.432661 68.74987
10.44 -2.47337 55.12433
8.44 -2.47337 55.12433
10.44 -2.567339 55.09013
10.44 -7.52663 68.71567
8.44 -7.52663 68.71567
8.44 -2.567339 55.09013
8.44 -7.52663 68.71567
8.44 -7.432661 68.74987
8.44 -2.47337 55.12433
8.44 -2.567339 55.09013
10.44 -2.567339 55.09013
10.44 -2.47337 55.12433
10.44 -7.432661 68.74987
10.44 -7.52663 68.71567
11.02 -2.57 55.152
5.72 -2.57 55.152
11.02 -2.47 55.152
5.72 -2.47 55.152
11.02 -2.47 52.852
5.72 -2.47 52.852
11.02 -2.57 52.852
5.72 -2.57 52.852
11.02 -2.47 55.152
5.72 -2.47 55.152
11.02 -2.47 52.852
5.72 -2.47 52.852
11.02 -2.57 52.852
11.02 -2.57 55.152
5.72 -2.57 55.152
5.72 -2.57 52.852
5.72 -2.57 55.152
5.72 -2.47 55.152
5.72 -2.47 52.852
5.72 -2.57 52.852
11.02 -2.57 52.852
11.02 -2.47 52.852
11.02 -2.47 55.152
11.02 -2.57 55.152
6.373041 -2.55149 53.033
6.373041 -2.55149 55.033
6.418751 -2.462549 53.033
6.418751 -2.462549 55.033
1.526959 0.05149043 53.033
1.526959 0.05149043 55.033
1.48125 -0.03745115 53.033
1.48125 -0.03745115 55.033
6.418751 -2.462549 53.033
6.418751 -2.462549 55.033
1.526959 0.05149043 53.033
1.526959 0.05149043 55.033
1.48125 -0.03745115 53.033
6.373041 -2.55149 53.033
6.373041 -2.55149 55.033
1.48125 -0.03745115 55.033
6.373041 -2.55149 55.033
6.418751 -2.462549 55.033
1.526959 0.05149043 55.033
1.48125 -0.03745115 55.033
1.48125 -0.03745115 53.033
1.526959 0.05149043 53.033
6.418751 -2.462549 53.033
6.373041 -2.55149 53.033
24.88 -2.57 38.032
19.58 -2.57 38.032
24.88 -2.47 38.032
19.58 -2.47 38.032
24.88 -2.47 35.732
19.58 -2.47 35.732
24.88 -2.57 35.732
19.58 -2.57 35.732
24.88 -2.47 38.032
19.58 -2.47 38.032
24.88 -2.47 35.732
19.58 -2.47 35.732
24.88 -2.57 35.732
24.88 -2.57 38.032
19.58 -2.57 38.032
19.58 -2.57 35.732
19.58 -2.57 38.032
19.58 -2.47 38.032
19.58 -2.47 35.732
19.58 -2.57 35.732
24.88 -2.57 35.732
24.88 -2.47 35.732
24.88 -2.47 38.032
24.88 -2.57 38.032
24.54 -5.055302 42.29707
22.54 -5.055302 42.29707
24.54 -4.968699 42.34706
22.54 -4.968699 42.34706
24.54 -2.468698 38.01694
22.54 -2.468698 38.01694
24.54 -2.5553 37.96694
22.54 -2.5553 37.96694
24.54 -4.968699 42.34706
22.54 -4.968699 42.34706
24.54 -2.468698 38.01694
22.54 -2.468698 38.01694
24.54 -2.5553 37.96694
24.54 -5.055302 42.29707
22.54 -5.055302 42.29707
22.54 -2.5553 37.96694
22.54 -5.055302 42.29707
22.54 -4.968699 42.34706
22.54 -2.468698 38.01694
22.54 -2.5553 37.96694
24.54 -2.5553 37.96694
24.54 -2.468698 38.01694
24.54 -4.968699 42.34706
24.54 -5.055302 42.29707
24.541 -5.06 44.57
19.241 -5.06 44.57
24.541 -4.96 44.57
19.241 -4.96 44.57
24.541 -4.96 42.27
19.241 -4.96 42.27
24.541 -5.06 42.27
19.241 -5.06 42.27
24.541 -4.96 44.57
19.241 -4.96 44.57
24.541 -4.96 42.27
19.241 -4.96 42.27
24.541 -5.06 42.27
24.541 -5.06 44.57
19.241 -5.06 44.57
19.241 -5.06 42.27
19.241 -5.06 44.57
19.241 -4.96 44.57
19.241 -4.96 42.27
19.241 -5.06 42.27
24.541 -5.06 42.27
24.541 -4.96 42.27
24.541 -4.96 44.57
24.541 -5.06 44.57
14.95994 -7.523302 44.47
14.95994 -7.523302 42.47
14.90994 -7.436699 44.47
14.90994 -7.436699 42.47
19.24006 -4.936698 44.47
19.24006 -4.936698 42.47
19.29006 -5.023301 44.47
19.29006 -5.023301 42.47
14.90994 -7.436699 44.47
14.90994 -7.436699 42.47
19.24006 -4.936698 44.47
19.24006 -4.936698 42.47
19.29006 -5.023301 44.47
14.95994 -7.523302 44.47
14.95994 -7.523302 42.47
19.29006 -5.023301 42.47
14.95994 -7.523302 42.47
14.90994 -7.436699 42.47
19.24006 -4.936698 42.47
19.29006 -5.023301 42.47
19.29006 -5.023301 44.47
19.24006 -4.936698 44.47
14.90994 -7.436699 44.47
14.95994 -7.523302 44.47
0
2
3
0
3
1
8
4
5
8
5
9
10
6
7
10
7
11
12
13
14
12
14
15
16
17
18
16
18
19
20
21
22
20
22
23
24
26
27
24
27
25
32
28
29
32
29
33
34
30
31
34
31
35
36
37
38
36
38
39
40
41
42
40
42
43
44
45
46
44
46
47
48
50
51
48
51
49
56
52
53
56
53
57
58
54
55
58
55
59
60
61
62
60
62
63
64
65
66
64
66
67
68
69
70
68
70
71
72
74
75
72
75
73
80
76
77
80
77
81
82
78
79
82
79
83
84
85
86
84
86
87
88
89
90
88
90
91
92
93
94
92
94
95
96
98
99
96
99
97
104
100
101
104
101
105
106
102
103
106
103
107
108
109
110
108
110
111
112
113
114
112
114
115
116
117
118
116
118
119
120
122
123
120
123
121
128
124
125
128
125
129
130
126
127
130
127
131
132
133
134
132
134
135
136
137
138
136
138
139
140
141
142
140
142
143
144
146
147
144
147
145
152
148
149
152
149
153
154
150
151
154
151
155
156
157
158
156
158
159
160
161
162
160
162
163
164
165
166
164
166
167
168
170
171
168
171
169
176
172
173
176
173
177
178
174
175
178
175
179
180
181
182
180
182
183
184
185
186
184
186
187
188
189
190
188
190
191
192
194
195
192
195
193
200
196
197
200
197
201
202
198
199
202
199
203
204
205
206
204
206
207
208
209
210
208
210
211
212
213
214
212
214
215
216
218
219
216
219
217
224
220
221
224
221
225
226
222
223
226
223
227
228
229
230
228
230
231
232
233
234
232
234
235
236
237
238
236
238
239
240
242
243
240
243
241
248
244
245
248
245
249
250
246
247
250
247
251
252
253
254
252
254
255
256
257
258
256
258
259
260
261
262
260
262
263
264
266
267
264
267
265
272
268
269
272
269
273
274
270
271
274
271
275
276
277
278
276
278
279
280
281
282
280
282
283
284
285
286
284
286
287
288
290
291
288
291
289
296
292
293
296
293
297
298
294
295
298
295
299
300
301
302
300
302
303
304
305
306
304
306
307
308
309
310
308
310
311
312
314
315
312
315
313
320
316
317
320
317
321
322
318
319
322
319
323
324
325
326
324
326
327
328
329
330
328
330
331
332
333
334
332
334
335
336
338
339
336
339
337
344
340
341
344
341
345
346
342
343
346
343
347
348
349
350
348
350
351
352
353
354
352
354
355
356
357
358
356
358
359
360
362
363
360
363
361
368
364
365
368
365
369
370
366
367
370
367
371
372
373
374
372
374
375
376
377
378
376
378
379
380
381
382
380
382
383
384
386
387
384
387
385
392
388
389
392
389
393
394
390
391
394
391
395
396
397
398
396
398
399
400
401
402
400
402
403
404
405
406
404
406
407
408
410
411
408
411
409
416
412
413
416
413
417
418
414
415
418
415
419
420
421
422
420
422
423
424
425
426
424
426
427
428
429
430
428
430
431
432
434
435
432
435
433
440
436
437
440
437
441
442
438
439
442
439
443
444
445
446
444
446
447
448
449
450
448
450
451
452
453
454
452
454
455
456
458
459
456
459
457
464
460
461
464
461
465
466
462
463
466
463
467
468
469
470
468
470
471
472
473
474
472
474
475
476
477
478
476
478
479
480
482
483
480
483
481
488
484
485
488
485
489
490
486
487
490
487
491
492
493
494
492
494
495
496
497
498
496
498
499
500
501
502
500
502
503
504
506
507
504
507
505
512
508
509
512
509
513
514
510
511
514
511
515
516
517
518
516
518
519
520
521
522
520
522
523
524
525
526
524
526
527
528
530
531
528
531
529
536
532
533
536
533
537
538
534
535
538
535
539
540
541
542
540
542
543
544
545
546
544
546
547
548
549
550
548
550
551
